50 1000
3 960
430 612
233 351
750 374
898 684
439 578
347 364
132 163
994 544
987 810
912 911
615 952
299 496
593 876
956 660
669 986
126 560
895 504
66 23
754 37
439 172
38 775
500 526
58 84
172 650
889 888
179 123
936 7
153 679
652 965
101 74
177 9
840 361
0 940
615 201
494 69
517 41
265 941
441 162
478 186
530 377
420 948
499 375
730 866
538 939
640 778
96 36
446 305
818 716
339 655
646551194
147222316
521060824
714429886
671257861
513609534
975088551
842674266
34435767
85725829
719153816
728619274
425446468
391927140
795024840
434602699
480501746
461341458
203866951
262725296
935083066
817425435
964100763
478174300
641510477
979643615
802279740
736649867
291722381
88862738
43000598
910052233
109200655
293922106
455918346
125894073
680962080
344940852
819791724
741748239
556109501
502626480
598277766
334605974
742574873
537917104
68381972
117568236
133148955
244378381
898687175
68037825
891516637
914900210
900550338
202819164
278429998
132791135
732148768
500770582
311095825
797673383
663375468
37945308
140779324
275110386
650427431
572502961
252499610
87713212
427896133
917265450
512331978
316541524
33801648
437690864
147991965
487317854
485388740
473436481
344989339
673824594
350002385
147868272
976427903
937590266
638899101
975987809
387162295
372189944
393527007
522582798
15103973
144923710
123123141
297156612
809225312
785617043
143624815
721055974
933602228
587043349
99322993
376336361
102816797
869260978
724720469
477413975
438075664
216432813
160089879
543865100
190195123
365963552
962966695
615265532
556312416
915055732
425763946
233586091
813652518
389200106
172435642
594745779
774420296
275545877
376255073
890505026
681154492
726686302
107225378
588804761
684047020
999884671
355025969
283020942
634913785
389357320
408098485
740936971
95442611
530522590
485828685
768126349
680930210
560066999
444665224
750698405
980931008
957578655
326426731
546716026
387564733
288088181
688302320
849891910
513240442
645355886
260835201
743948501
489053838
702047890
385152385
887007241
605704388
770043706
856050627
51694424
318017947
497361561
319719697
574996812
141692869
91609135
117638310
817723906
491029928
659789399
421218996
411133868
668443104
352436923
909931744
712782095
332985787
305583322
407233217
226124293
857747387
111988361
546895460
576669181
616480280
171087471
390412491
538325622
964540732
716169351
923959913
128257415
562053701
246646946
401679271
621072986
926889862
224234210
126083427
77296557
623947526
644132929
643937132
864243792
829563647
41623816
661810439
766144425
768620128
985068888
769904493
420020275
357498188
149348260
602637386
364654586
31601561
634887477
415936064
669060896
573865810
505706661
175470434
902126172
243707701
12444260
397270457
201185142
706919734
743812407
88724419
117990348
939376378
278610611
457297647
972424913
581316189
928736198
573662754
687779464
469813229
920239407
418869813
743499789
473601900
708968449
410715252
29337100
950757969
239245860
640525088
273281352
762108488
107762388
492726254
608566038
939522990
923208992
355049607
170108383
738482710
991966828
121329414
389863842
951357638
999541487
691437693
662129263
446131514
952653878
70501232
122472173
982781856
264042399
16421463
801443541
435230043
555584735
646009377
181079412
47388545
15831165
314051244
604578349
215837533
478560340
802540366
620002037
386176749
439606293
752342863
525341909
666039140
38796227
681902700
355103852
556478890
526860341
688436566
982241898
822326487
97954199
786226737
513605142
662022843
312935401
332698902
678792649
712287834
961561983
292387985
48554353
941748840
80273791
363882531
564809487
77698513
657581158
137665729
123294009
309534260
356230787
749533011
172845977
657471074
99656315
317473590
918602092
780148452
213592515
884775611
189572099
541061235
244420393
770876837
793237317
209671806
60129612
788164527
997487147
57819047
654111007
603876100
566905667
768069190
828131946
226368197
931048239
329661156
908272201
490464647
976880931
759284418
285075371
224694226
384254826
520161872
556938708
729953443
592803296
595791286
707484379
693903338
191070329
23156046
242846253
370655501
124903354
181723175
80839432
351298916
344305979
555548804
529296641
342097082
432770091
20110939
93199999
781371346
494548939
94926295
286011197
723817696
622152178
508346327
642187980
646433292
936527751
641725548
886952718
9811443
463989515
835929439
575863484
552987685
314770189
55700648
383098850
925081000
41415347
314381048
434720350
297097075
902677047
66328624
473612388
582560500
11062632
124349928
623378684
779713675
422376485
992553449
431128194
720379405
125598950
513147059
222137638
648750914
178678579
257335800
961608554
629629030
180271658
26440991
597873831
760292012
463063293
643359682
736270728
627433654
398276466
208642096
915994764
739000094
169459297
21382124
88532616
867750641
161308730
643764780
163668259
728000047
86340988
398697562
608693081
373321292
421304127
311521943
123800057
855062194
203059115
13528627
294367271
146586941
548478591
397675574
198922714
541509309
181621131
85974491
603160671
766649208
732022070
962157839
701592788
176777125
848581368
734070006
612122286
716940785
988661217
616924263
977227828
19589630
320073489
735846507
50801921
460202208
646554686
224176322
809316998
91813278
884975153
616976989
13817989
770891191
677917001
443327973
352432535
183611802
723798006
884095539
514144167
273217324
467930431
539268310
115897461
555126854
656695613
7241360
517946901
670208821
65234845
661740505
374585197
61048121
207290402
979317083
91880634
664456454
475328801
37009012
391126539
572859205
315798532
268132279
573920197
608486676
656207304
271710059
699738397
945416834
814928766
912100362
284777121
75554068
373880013
837030596
798911152
985403459
551566958
711346170
58249213
368604156
187148463
629105603
322680848
588125982
789604849
187232874
210866116
743612415
973933866
558412525
385411018
838582504
691333732
889389440
726074661
714863764
699068732
379757576
282514861
475859637
710706532
547896993
595056780
865552495
587572001
505988121
130844355
348963547
693495245
780144754
946324902
622264198
69189718
177581411
314234204
940447471
164821438
976275160
70106464
765913868
859178393
980403054
218779395
429283270
550885010
248698104
636418535
847872376
880382182
14846205
456578181
559753076
137449703
126833463
714794152
366083198
691067258
385594389
90251760
695305039
283220633
144658746
624313937
410747155
483302866
721384444
264223377
144280043
278213319
531635173
515365581
638895980
83143596
386212662
941932276
360005407
299859404
783687519
587029834
259699967
707103749
152768392
689703143
901823998
434832711
546856716
178391094
536117376
347525400
130937336
924767606
88548061
913829395
559555473
237530940
876720611
122578532
305180875
881820399
881711955
902706254
212926162
897021259
460485728
793375397
642608005
836379359
429050419
433770836
979574774
227902607
622023273
799619545
809841387
375390226
651933587
211729860
605817696
148968053
502589877
955132220
432142595
857105046
356893383
577984377
155653303
751007145
751422775
754804555
166106897
496961975
7587941
744704914
494226654
126422042
763154726
416593347
560681883
928653315
122451010
537185898
568091132
433919732
892414198
751082402
146526310
496002374
54433651
743243166
172463988
39801509
240977757
109994788
480810613
997419150
693844044
184636941
302457324
233851096
312199758
976495559
930644495
403664936
900132451
563475923
405186377
97120379
284741888
552605255
139491513
566282144
287361165
506221644
231102641
811125179
178620391
989142177
363445559
801408452
292455134
316515862
89578631
17650694
647249592
895192594
166206350
94495392
97633453
208025358
59742321
140596743
553669737
831623448
80238340
265987458
62238348
517714513
20333908
90423725
801921837
875134319
951908382
531594487
521910355
677652540
793511253
744110116
115071611
78486549
726055072
146407627
668453141
724163691
514297817
403655640
438096135
807077701
269942671
736167436
222225192
382749629
401333125
216243832
570388678
15495295
438000945
301057286
225943585
159285325
880600638
677489392
577440493
25114749
586820362
269385031
278240980
177050489
173021992
447030637
733185522
823311678
235603424
135790491
912787799
958395358
900196522
687651676
754068361
140729342
112905655
632581648
336766719
697445208
510919272
827314026
858175655
482939706
630429652
819713010
310445665
260650758
818265927
989308292
977563009
670918832
776165565
708765136
202654545
767987523
767089003
581346520
447390604
990472540
942746167
230060916
379332325
274796461
728976955
503939025
7974782
901191036
120220486
101038062
126881137
411051297
230006362
211566621
686234443
43555467
192666159
625552776
426543243
993618876
77488559
253923498
439334952
831299912
57673848
696923602
168740104
959435482
28768605
296294820
34504842
761147824
544077029
392003479
414925053
67825434
297621963
134609527
989082150
972904703
961707900
304065764
908417983
276061783
630003356
579477458
298443762
138335666
421584257
599877384
413153762
850162607
154314934
876887969
628256802
326990214
70338426
366610061
396981051
805260671
672289855
592331537
506166827
959571833
936482603
181861187
913209569
907484004
639609498
556112527
726575810
307220423
964094362
313654325
640246567
800052795
495437933
413662664
936284637
620810733
20388619
881086896
237644707
672930848
858464669
398205353
796028591
438394025
552794883
777497410
533072682
581976177
109708623
496285279
897801135
968991735
217713736
282779576
540368848
891155915
491316200
922999640
58052753
546197780
904667870
359873310
486313707
198067211
304602893
990967103
979259466
283894398
211405835
404434626
517288208
355528270
592023971
891855874
107549456
795870705
529719891
156516656
778073107
902785776
846891471
648969935
165150294
120686698
431153532
378457654
124159242
420574096
504299254
868787730
579460307
939249191
479840394
521189601
489167946
339592969
813693885
350769527
618625147
335515300
211358147
575842173
425173864
803117433
670934536
873916397
193594500
368546462
124315819
832680343
626564408
670721597
704149246
16933280
864167265
525572115
846293000
926244862
164067792
262591986
547337475
924313597
981886665
583989311
982199262
291267773
197407364
737098868
547556283
182834609
141530032
585306527
593932658
162972961
445759467
297061089
300300813
592126121
983395915
719473649
