524404207
305396475
2716886
958019720
223400843
478251778
43994966
503429805
192042389
900141198
941765962
212798643
21509018
369860428
249065921
874299542
405850998
113984178
147102328
776167839
933805300
883119050
738584385
274996868
880475545
806003604
378689734
95992672
456892584
823620679
780040949
788357633
18889344
187425752
914486089
908128590
923345649
398454834
416945915
898078360
902445754
180113695
531713651
61716926
724118864
171251381
417146060
686976051
447973527
935808823
19953072
353798788
322821525
299324716
124743171
926810066
822886147
772805200
794918888
41312519
605648846
899066438
868645170
43839162
130240659
598718224
938784900
29439996
38585838
577107803
344137726
637232258
166399645
271173663
536032148
683071169
151575102
70995135
794974893
59214163
764755402
981648905
679971163
627985411
802381501
246608877
875920076
583893813
703646448
883900328
514285383
873544186
465853458
995572245
227930562
713427742
170908922
320702765
836259351
190823838
650165535
135528827
228151706
903384258
63613204
356751735
499215707
785165658
131404727
670931771
280671922
468109816
108636544
540174079
488347371
725101013
296062493
144745914
336689580
190779026
978980435
493466470
513247040
911335220
180338496
321960121
65902509
670672118
157040656
471185044
246090958
333528334
351766229
721324351
796861935
262215313
172007755
972452555
717984139
677576092
947178216
260358949
18276588
426652464
390639846
583239668
20284153
447586032
592112982
48755336
747771938
605505566
969085824
971436767
921821534
326330804
341003691
754447937
982654355
101806520
481650637
672793084
572517580
233275498
676324313
56054119
855497122
984735399
289777650
652102788
484022697
170959142
499257289
565668770
935384551
407957808
952706403
133252897
198415277
83275275
195246466
478025825
124341233
540789911
5637829
627894495
587164458
80522923
484075515
610544858
821322361
103986642
272916679
987201306
867443116
174819702
250548151
909737938
373724700
885816744
150421062
533019292
304380829
395826261
198622136
581516593
447101471
290213924
360432004
927380146
792395844
898103773
656550550
978828267
443417035
265637869
519196090
297824879
690103833
672534840
290059072
293921394
353155627
538848264
163113770
43447243
180656633
937470732
463111234
391325355
922768232
774733756
626664623
194151687
174472723
602264759
106785721
128725414
424506027
828087898
448528859
806519595
750026958
492574796
555595906
265745279
6574196
354084654
888685435
483399363
805848812
751876656
9102283
108559722
39011611
667980907
125608154
699054633
424846338
890702765
269062430
449889673
478150228
906076778
50830786
719070268
443396995
855094823
716281016
527940668
577954388
318573286
958974537
942781779
225843009
491136708
352861893
294763261
772050616
90601520
37335764
856808092
462182317
630124702
980131086
693482554
440166967
474963941
17138614
964182926
155215305
731518303
719287449
535061776
823160962
183452091
640880214
104722378
266172808
551697669
971202023
228208213
554522471
657348569
417391294
736952138
692955716
70999567
565587180
839956225
258502048
668531835
619084497
457442352
629153987
337371135
971326638
519157796
643623466
415118728
50902910
995168845
908776483
898441487
117254316
147016515
311366411
105295573
786627005
797763374
9212209
739943529
627610258
159467235
558752467
223585862
871682931
61690269
414341181
348419829
876100605
779477569
114589329
90695139
606820686
434297925
314100121
471992966
139411110
475939873
811739682
132552715
446443100
109187487
299544749
465552512
517064187
618119416
770778386
337601644
274796623
416379306
1916208
311346575
276276300
364465339
427723100
597770577
547780277
716411704
440665138
222662223
279719411
7822704
565259217
577742580
992523786
976788750
374468747
394738968
175623547
924814792
2371922
107003635
868402613
167816710
900687494
202536806
326308641
408977493
797857152
594653542
992022448
973399772
181304801
179777715
285268677
720030390
626764429
727399253
387762524
5092518
439602016
299659387
918061575
879906519
479296796
62684992
29686864
930317721
578056582
877378201
880081243
888598156
683869045
535366488
644128481
761237021
788837822
217118397
21101662
817199765
10678316
510776709
150151523
476978690
742518398
957009700
720279336
193534265
745807491
933326865
318508941
711706046
126864437
679186500
620425976
983588336
234839945
240042148
546943024
55211041
542374279
230997435
959486560
98899103
225602055
904502725
737497279
24860310
264170089
517394493
791326497
735798976
259503157
421930867
591127876
63162912
317310423
145938686
463650530
258361215
640244739
432819664
334165651
168015174
319081651
492551200
290636786
959724575
936289154
747827024
736657891
467036863
368382336
380771710
664194819
393895481
263332221
578556059
273969594
53353341
934493029
745245385
762065679
184666725
875275134
570332272
962527570
944631351
476160183
822625554
665467994
541812303
242151487
605795115
713893603
739765277
498587310
296728754
451021081
235406308
172122127
444286631
508652207
230986910
173846304
518912540
353242139
664387765
845122447
124349113
625759914
391797747
170700038
698159998
373581169
229156391
701288875
776766102
767758543
665873360
390144145
898413020
968763939
21043300
410313954
683378137
333669678
733900399
213029540
834912789
426573084
707713557
627171045
200594570
412456526
44680332
308915416
848612783
833968903
581058819
44998324
787661810
193441130
409214547
601360601
70529217
612312452
174738988
878737380
477899877
739537026
195926715
975485007
947192634
192588572
627181523
557759467
92278260
893994135
373314410
585084455
840176694
172950094
710036181
265015540
499224148
550510656
443670652
246078006
932417205
108721894
535570832
718507546
66771764
390155486
866689434
79890088
572310694
191502073
143845862
407591143
367733668
111462254
119608276
737146040
635005240
237971427
647388000
306331128
471501534
908714743
904045738
638572902
780210300
817081150
273269412
40858989
423508299
982649374
603941110
274389375
165993683
604228024
258146732
429550102
446868356
460481009
1303354
928755661
876400693
256085951
539155430
788780483
709551927
476272412
199066882
195675869
708473249
629401725
566143121
790144823
501343948
477465861
66369563
460170412
496691576
197246217
199700045
801393670
818940199
617435561
303053150
429808183
907557875
6865019
399846874
215635559
241776788
779023762
989150105
978525609
782780509
267872956
150357481
548202802
715370519
147189491
973527389
439614606
649300
504592985
115159335
955799573
450748522
595996614
437311866
895574129
63762447
732755778
4387424
46750460
581757842
68903586
152014290
613343528
249204840
605324281
915858104
834233586
742044523
322347788
97724393
355436740
556347028
434340769
211281402
917062435
24018853
934530953
157912829
755903465
855955034
79583735
282820201
488247182
557991835
144991595
942748677
749693246
401922326
759030111
222587122
983973326
744938439
957331804
39597420
516039074
441286328
127793284
17100666
374927410
670709433
50632185
637163925
968038340
802587826
112471126
474178634
334162575
324207152
705056840
863293816
965236112
505025281
19885690
641342008
127883471
280154624
934443014
461153352
206922177
897048633
400238354
854503213
754458393
339709262
349785639
695191725
139964693
371485138
867008554
5815069
512221417
904090015
626849179
762954583
20878757
848184269
314088955
963713405
703848015
70329210
439067889
202701290
975194778
863481817
350235725
99928523
947152043
271830537
964415479
544949313
377612115
987465791
241812614
530665408
687483741
407416784
589944857
11574990
669486835
825882445
95840332
457846123
282390729
125121898
720941602
407427314
405392697
771954997
754678059
762205909
432671469
903678986
890831296
81626164
26693011
554039675
907784866
488307319
83377786
693628021
510889340
719784459
854036652
707046492
794502553
342310316
724127205
27262991
183139810
754339264
448683576
457278926
75749820
463331753
198408447
915664941
49153425
548065108
132962191
396307978
489890551
955025864
325847079
264720932
524139148
312346704
72617188
504511565
166366420
345158701
398227964
71459380
845031213
241810759
140136615
978679744
441710325
58244397
735373384
372601781
517853689
995154352
629801591
643107783
667552967
9688238
898080386
253746697
628098076
196675741
505425110
442770934
800504351
34035824
33132929
825820829
44042250
313832868
876142644
350512879
252330334
657319058
610538522
487396516
636417435
282789467
777400220
755448193
905258178
760803091
619412932
522977066
254878427
180248190
343649251
54490800
142632768
435831534
821091044
65405073
344802016
796487397
870257918
740029240
615825276
846144397
29407152
485248295
644649722
138998142
991630400
473216976
230775752
741830460
572834109
462209554
439607228
467189166
467999248
925270554
294194423
212230543
974144958
38424359
61035867
755056869
573642329
614545846
516205235
969757134
896312726
183627312
338987612
957654662
431407664
658719655
777531889
852975290
404957521
393962304
668084842
784422438
708527284
342218391
714212406
622182525
276323583
130777820
865638386
259800932
297312037
617149025
690859692
205254159
816586988
302743415
436634286
472192216
101223565
806591245
631535356
636404001
757248075
115313568
39169940
538146726
150732239
591024878
707565243
175318461
158156076
732557566
5358589
686512504
349199498
126700299
973005538
50032002
933863643
682286657
667077402
928075658
345646708
12538529
860883771
15993630
541087710
191868305
149494038
691448963
181405635
411009280
637308913
2196029
332498582
708188352
842431123
957064195
105460171
684838474
952742905
701892382
887175158
657250658
385500428
416278446
619453678
802342717
717077056
353783417
906654986
856755181
447027172
99743995
98771545
733165188
682876168
302343604
593294244
249517632
599308255
353747826
540672693
259968518
886208089
737500406
733107689
332848732
551459119
503280163
885913721
131200994
236552568
290766378
424030757
583477183
