47 45 47
4 31 29 31
3 38 47 47
26 47 29 37
5 17 5 44
16 26 20 43
4 11 11 46
13 24 1 31
38 44 22 45
15 32 11 43
5 42 1 21
24 29 22 28
4 9 24 30
27 47 26 27
4 25 7 11
33 44 43 50
7 30 11 30
38 41 14 14
23 37 29 44
5 41 24 25
11 26 4 16
11 43 38 43
8 26 16 47
14 20 26 43
19 23 15 37
13 26 21 46
30 38 14 30
12 25 35 49
5 49 16 21
16 36 35 45
34 43 21 28
4 47 40 41
18 26 31 33
3 26 20 38
19 42 4 16
21 22 12 29
10 47 35 45
10 46 6 27
12 43 6 10
6 43 4 33
41 49 23 38
4 8 7 9
17 31 17 21
23 31 17 24
6 27 33 42
5 12 4 27
2 48 21 38
18 44 27 50
2 21 -18
1 26 9
2 5 -6
2 43 6
1 12 31
1 10 5
2 22 -14
2 40 -17
1 45 35
1 23 -12
1 35 10
1 11 -17
1 32 -9
2 43 18
1 14 15
2 37 -3
1 13 -11
1 29 12
2 42 3
1 33 10
2 13 -5
2 28 9
1 8 -19
2 16 -4
2 35 -11
1 35 4
1 41 6
1 9 -6
1 28 -3
1 3 -18
2 37 23
1 35 -23
2 33 11
2 31 -19
2 23 -20
2 32 -4
2 39 17
1 36 2
1 3 18
1 30 -33
1 33 1
1 38 -2
1 4 10
1 31 -1
1 17 -16
10 27
40 14
17 25
13 24
25 24
22 43
28 40
22 50
40 49
34 47
21 35
35 14
49 48
15 6
22 22
37 49
44 41
4 26
18 9
24 32
16 14
38 50
12 50
31 19
12 33
18 44
2 35
15 36
29 5
21 20
15 13
4 41
47 43
47 50
7 27
13 1
23 11
49 49
50 15
11 20
36 8
50 37
9 44
17 31
15 11
11 19
32 15
