5000 100
575 575
466 3804
1032 4297
338 4774
2505 328
2215 4646
2284 4774
4669 3547
4776 302
3382 2560
3419 3772
4326 1737
3607 1980
4604 1289
1247 3288
4423 3173
3397 2784
628 3027
2185 3913
292 3961
1138 2405
1191 3440
350 4928
735 4623
2797 3263
3221 4824
4739 2086
1813 521
1724 4607
4359 1176
4787 3347
1617 1253
2077 698
3253 744
921 711
937 3088
1196 657
2657 3308
2428 1918
4539 3551
248 1711
2525 498
1226 1362
3402 3317
2201 4168
766 759
4096 1061
4627 1912
3257 2871
2239 2546
484 2361
395 3044
2544 2398
2140 1533
1850 4343
3780 4388
3314 2375
4799 3003
1275 2430
3194 167
4000 37
3599 2959
41 2311
2146 3386
480 3264
829 4842
2476 4458
3652 2605
2825 985
3153 2782
2406 954
4964 861
2552 1836
4440 2641
1821 1674
2417 1394
1161 2942
4408 2379
4563 4189
4114 1638
1012 2735
4800 2679
3677 4814
570 2266
3178 2997
904 3194
3717 2411
3721 1038
4231 2992
4244 1074
4689 3075
2840 1092
169 2481
4272 384
2435 3014
3815 4580
1110 2174
1780 1246
1879 424
4903 402
