499999 99
417369 260085
371823 390274
300604 169070
488062 38965
168618 85699
423123 96269
483422 140789
357622 74110
408721 290534
17723 317669
19946 162277
56486 211444
427341 329084
412241 96060
100979 18388
240706 201497
344826 372542
7161 407979
496589 351896
381029 380677
495036 175200
452345 170963
486881 240593
282640 443859
465781 453173
284781 461191
187661 415127
362702 339132
162770 399570
121749 326653
467983 272352
56923 135125
407969 76817
217350 85450
1433 387207
439055 192961
286787 317977
257813 385305
241088 176618
187737 293752
337974 459957
80848 266536
140112 112017
293686 456417
234709 131126
485963 358789
178743 73183
189381 210420
317015 60191
13654 412861
343175 51401
140871 42535
378315 161232
285097 238267
90132 360701
70675 317940
216070 160477
347515 495492
87917 210703
376106 49948
456504 491616
138564 268248
112698 116966
68049 69714
31871 225317
181177 278587
452252 287553
113941 488830
323495 421610
462326 307168
471726 85849
329503 83498
498437 167329
351655 369202
312157 380935
169599 380929
399435 317516
243787 194741
271715 25543
304974 37636
257339 257597
440363 164766
353815 5699
319181 147124
99199 368366
110753 63480
482254 376685
467364 109
301530 304813
298464 391770
243945 201853
227130 144104
491334 226469
493285 394887
339022 391419
28581 483499
3094 233084
299487 217831
177281 415680
