500000 100
33331 221734
240069 438932
238159 297819
257824 456453
191139 239765
297692 290459
292109 374813
362462 36207
327210 105438
402624 229624
312363 236791
53605 196621
121933 342615
370060 258010
459692 372202
41084 237995
296549 245600
142086 454058
449153 183139
175663 373485
54017 260296
75274 40485
468378 161392
495659 269952
371533 219623
271233 60969
174831 411168
467723 489728
348161 464083
284552 34121
468437 80734
173431 181691
311657 16339
404156 194638
254091 194369
115416 251107
62223 6524
420039 246394
426367 360600
496263 298964
248085 417373
275529 416150
298967 429109
392721 327305
114935 245372
379386 284237
419927 47819
316405 412928
162199 50755
338435 89729
466995 430379
315945 35042
74594 255880
136935 384097
141656 178274
38916 285159
400950 219030
456135 260229
2443 42983
263127 218119
224115 470719
341238 209634
228100 119550
457026 165837
262204 353502
223809 8538
145008 302090
153896 131996
162249 451818
70855 140829
445478 392921
357216 457032
183898 275006
465799 12966
260213 293843
95559 489635
301450 420888
333485 469347
68303 20073
452348 252233
457457 422467
98005 108655
164953 141512
188176 4076
21183 370947
336371 380081
137664 220315
245081 127556
12269 356638
352071 105673
174953 453544
488128 245678
240810 459494
313903 171062
320761 138501
391750 54887
75968 50568
227166 251753
390173 171584
241035 216960
