9999998 98
8440916 3452360
9891428 507951
4884052 203109
1131425 938729
7670192 8199533
449506 9452233
9174643 4814683
1244175 9216931
2397834 8879541
4916883 1822759
4927703 1419293
7988274 7621040
7594049 8580936
9583100 9505391
296124 6325112
5839645 2697873
5903927 832992
9769648 6107081
9666259 6674271
7556961 5705088
2317340 9375944
2810185 1753295
1551852 4163742
8770826 3585918
2280883 1388390
6479712 9972452
9796000 9622181
9003247 5004439
2637851 6201910
315736 571476
1123739 7139796
4171115 1538161
451407 6509314
2721903 9700734
6614556 8856167
8666771 8541906
9958253 1777742
6528997 7815297
6090986 2586785
7577910 5692893
5433699 6320758
663415 1402820
9978086 3394741
7758751 1384478
1920971 7365023
8241739 6938902
8312451 2360751
7512195 9385920
9195905 7256988
8003586 3032325
9709441 2308997
118854 7385155
964901 5957787
3717743 6800185
1520571 1568138
3738785 4801257
6746826 4259540
7673051 7538156
4120119 2199596
6862724 518892
108013 6905328
7541387 4579876
8664842 6600004
9332046 4566343
5813577 4480864
2158390 76036
2935089 5550378
9839819 1894570
1510403 5627060
4238371 6092062
4923265 2944474
2565501 3585382
2636065 5680628
3235585 3603504
5094822 9153923
4812619 2958036
5281255 9078301
9437395 8083571
2221817 9693527
8774812 1741408
2269376 5486233
2890173 6828998
5559917 74678
392750 1279599
1122801 7716773
3561314 6666383
6928694 8243716
4325071 2338578
75354 1218600
5403340 7455257
8839183 2107150
1584575 1560376
6171942 4826294
6168673 5154131
4778958 9702636
2558260 9726132
9876951 3466193
9941722 2639224
