9999999 99
9190766 5250873
3491033 4581538
1824296 7338154
9349566 4810045
727166 6274311
2318536 5370026
306913 5684996
5027036 6243778
1862468 1732955
8973355 5296607
5476788 8268089
9465303 6955744
1913139 1810951
143119 7880367
8949045 97374
8760012 6926690
5092604 9484985
2466976 2309577
6986984 3780024
8618876 291912
6324443 2742469
9807881 227960
5030953 1621052
2111806 903578
2799273 6818697
5788942 231174
6854406 5627540
4558871 256831
5775934 7250691
7335237 5354386
152862 1205243
307264 5137202
4893191 184492
77734 710614
5050954 5867540
9557633 6243143
3229578 555631
8319450 2084262
3059823 602194
2726420 8197695
8495824 5974003
3076004 4459187
9487034 7744901
5751921 5643141
9317408 9826859
6742317 5092569
1950168 1508588
1030729 5880254
1408578 8121570
1888976 7527005
6742612 293101
4985759 5432061
8206200 1811135
7854487 6487871
3376522 9809688
4304086 8735360
5789702 6155276
1332348 5329077
3811628 9712904
8527603 2120103
1368601 3329652
7876087 1672622
7729527 4056234
1966350 2071140
527806 7266344
6454677 372882
2445237 3699931
2352505 2709296
8949394 8973335
591428 8365708
2097462 3804874
675138 4571435
5282437 3050434
4000943 6419489
7736835 7911633
1462019 4717979
6870917 9584408
8724769 2830955
6350978 3353477
5286331 1107468
8444653 2655958
9333735 8102000
737953 1539875
60080 1933911
2184778 2354096
4054144 7549872
4789924 6419056
1584358 8245754
6485307 6587554
6923062 7965282
8599518 4036239
7466269 2854071
6283365 6479950
1012988 183997
8349435 5769007
9475037 2903851
7538482 7437621
6478841 1880306
2798071 8755772
