4999 99
80 40
122 97
214 135
223 226
240 247
355 345
442 425
456 460
566 500
574 573
612 583
673 640
689 729
785 734
798 800
823 828
910 899
952 965
995 990
1131 1030
1134 1143
1196 1199
1235 1267
1315 1283
1386 1330
1565 1432
1579 1571
1624 1626
1636 1634
1655 1658
1686 1682
1699 1691
1762 1723
1790 1763
1793 1872
1930 1907
1940 1942
1988 1943
2029 2037
2071 2047
2113 2108
2267 2145
2302 2270
2318 2307
2424 2415
2455 2467
2491 2475
2501 2493
2505 2553
2596 2590
2654 2604
2694 2664
2734 2737
2765 2748
2811 2896
2917 2943
3015 3041
3115 3114
3139 3146
3178 3159
3225 3204
3278 3279
3341 3335
3448 3352
3551 3571
3608 3578
3657 3663
3705 3686
3744 3710
3759 3782
3826 3799
3862 3831
3869 3864
3917 3929
3980 4038
4064 4046
4118 4127
4162 4134
4172 4165
4177 4191
4192 4204
4258 4220
4263 4262
4303 4270
4310 4317
4392 4337
4399 4396
4416 4476
4501 4485
4504 4524
4529 4533
4544 4565
4584 4658
4693 4688
4782 4748
4907 4902
4938 4916
4955 4957
4972 4967
