5000 100
4989 4979
4964 4918
4902 4905
4874 4868
4845 4726
4712 4660
4519 4629
4512 4507
4504 4480
4458 4371
4332 4336
4319 4247
4205 4211
4183 4126
4062 4073
4017 3999
3974 3980
3953 3916
3854 3864
3793 3749
3689 3738
3586 3647
3569 3554
3548 3536
3456 3533
3410 3409
3406 3396
3362 3389
3354 3303
3187 3180
3155 3121
3069 3066
3001 3018
2975 2990
2908 2942
2876 2849
2802 2798
2781 2790
2743 2773
2688 2720
2637 2650
2606 2603
2532 2595
2506 2528
2493 2449
2383 2440
2321 2280
2269 2270
2254 2250
2238 2234
2223 2217
2181 2200
2152 2136
2126 2062
2037 2039
2011 2017
1982 1967
1927 1930
1925 1916
1904 1914
1901 1891
1836 1879
1675 1768
1658 1595
1563 1566
1524 1528
1436 1449
1370 1409
1345 1336
1282 1191
1149 1165
1140 1125
1109 1110
1088 1104
1076 1074
1062 1063
1050 1056
1026 1045
1018 1021
933 911
865 851
848 831
830 809
708 711
680 705
668 672
660 652
574 562
546 508
423 477
347 393
331 344
270 296
257 246
226 244
220 216
170 207
124 167
46 89
45 14
