5000 100
602 4164
79 4164
313 4164
4940 4164
4879 4164
1084 4164
2550 4164
3762 4164
4149 4164
4560 4164
770 4164
2705 4164
1351 4164
1743 4164
3504 4164
2408 4164
4624 4164
1764 4164
4842 4164
742 4164
296 4164
2269 4164
2791 4164
2939 4164
2902 4164
220 4164
210 4164
3632 4164
109 4164
4991 4164
3640 4164
3748 4164
2460 4164
1406 4164
2500 4164
1682 4164
1004 4164
91 4164
4231 4164
727 4164
2683 4164
3056 4164
691 4164
655 4164
1001 4164
2476 4164
4885 4164
774 4164
784 4164
2573 4164
3619 4164
1397 4164
927 4164
1161 4164
3651 4164
708 4164
2344 4164
1402 4164
1599 4164
2084 4164
3801 4164
1650 4164
2191 4164
2646 4164
4065 4164
4868 4164
2505 4164
991 4164
1645 4164
995 4164
3474 4164
4512 4164
1338 4164
3662 4164
3612 4164
4684 4164
502 4164
90 4164
4373 4164
1772 4164
1224 4164
2431 4164
3603 4164
2446 4164
2966 4164
1166 4164
4116 4164
1803 4164
3615 4164
3224 4164
2116 4164
1064 4164
4761 4164
431 4164
2290 4164
3722 4164
15 4164
2756 4164
2321 4164
93 4164
