0 0 0 0 1 1 1 1 1 0 0 0 0 0 0 
0 0 0 0 1 1 1 1 1 0 0 0 0 0 0 
1 1 0 0 1 1 1 1 1 0 1 1 1 1 1 
3 9 4 1
4 13 4 2
1 1 0 0 1 1 1 1 1 0 1 1 2 2 2 
1 9 5 0
6 7 5 0
8 9 5 0
1 1 0 0 0 0 0 0 0 0 1 1 2 2 2 
11 3 6 0
2 1 0 0 0 0 0 0 0 0 2 2 3 3 3 
12 9 7 0
2 1 0 0 0 0 0 0 0 0 2 2 3 3 3 
3 2 1 1 1 0 0 0 0 1 3 3 4 4 4 
7 8 9 0
2 1 0 0 0 0 0 0 0 0 2 2 3 3 3 
9 14 10 2
2 1 0 0 1 1 1 1 1 0 2 2 2 2 2 
15 12 11 0
0 0 0 0 1 1 1 1 1 0 0 0 1 1 1 
5 13 12 2
1 1 1 1 2 2 2 2 2 1 0 0 2 2 2 
2 3 13 0
14 12 13 0
0 0 0 0 1 1 1 1 1 0 0 0 0 0 0 
10 9 14 1
13 2 14 0
0 0 0 0 1 1 1 1 1 0 0 0 0 0 0 
0 0 0 0 1 1 1 1 1 0 0 0 0 0 0 
0
0
1
2
2
0
0
0
2
1
0
0
0
0
0
