100 100
69 2 26 34 49 41 4 100 52 64 82 22 58 77 37 75 21 27 35 6 99 9 60 1 81 10 78 15 98 30 72 17 8 19 91 73 29 57 16 48 59 32 45 70 7 51 89 80 71 65 95 83 23 43 92 38 90 28 66 76 36 86 39 46 24 18 68 53 31 79 87 13 61 88 56 84 55 93 74 14 25 62 47 42 40 11 44 50 63 67 33 96 94 54 5 97 85 20 3 12
48 89 33
31 68 5
17 65 40
58 99 16
41 64 18
23 82 55
37 60 6
26 63 21
31 66 13
30 33 3
11 28 15
36 50 10
6 19 6
16 91 75
41 74 4
20 59 2
7 96 1
11 88 69
91 96 1
24 97 17
35 98 52
9 17 2
32 76 28
65 75 4
81 100 13
46 55 7
20 89 65
38 40 2
52 63 8
6 87 43
35 89 32
24 76 27
1 29 24
1 4 3
8 56 16
2 21 3
62 88 15
45 64 7
13 48 1
75 92 16
41 66 8
32 75 15
50 94 23
80 91 8
74 93 18
54 91 10
4 32 23
36 66 17
56 73 4
82 86 4
50 82 5
68 100 18
38 63 16
10 34 13
14 32 13
13 42 7
62 81 5
21 82 34
5 61 7
75 100 18
25 40 14
45 63 2
79 99 17
63 69 2
70 89 12
25 29 3
60 73 1
13 23 5
40 98 24
54 62 3
14 72 29
46 48 1
63 89 2
16 45 26
12 18 5
65 100 34
30 81 50
25 93 58
91 97 3
19 37 5
14 39 8
22 59 11
65 91 15
57 64 6
28 97 1
30 98 63
3 75 46
35 44 4
4 9 2
25 29 1
57 89 15
44 83 12
73 74 1
6 89 39
5 56 11
43 86 27
43 78 21
3 52 47
37 98 19
22 62 38
