100
49
13 38 21 30 18 2 11 22 5 29 10 41 40 7 12 19 37 24 14 9 49 36 34 28 3 16 26 4 39 23 25 46 17 1 33 15 27 47 31 45 35 32 44 20 8 42 6 48 43
47
15 33 44 40 2 27 36 1 11 3 35 18 45 37 5 8 30 28 46 41 6 14 32 4 43 26 34 22 38 21 12 13 24 10 23 16 9 47 25 42 19 31 29 7 39 17 20
45
9 7 25 27 3 38 31 1 32 29 5 20 37 42 26 34 4 15 11 23 14 6 12 19 16 44 36 21 41 28 24 13 45 17 10 43 40 22 39 30 2 33 8 18 35
50
10 18 29 43 27 42 2 5 1 9 8 6 28 49 38 48 3 45 24 14 12 41 25 20 26 31 44 40 16 15 23 50 19 35 46 34 22 39 7 17 21 47 13 11 36 32 4 37 33 30
50
23 26 6 25 5 27 13 46 34 21 40 45 4 33 49 14 39 17 22 15 8 31 42 41 32 2 37 50 43 35 28 7 18 47 9 11 10 16 24 30 36 3 12 29 48 44 1 19 38 20
46
13 20 2 29 25 7 31 33 3 23 42 15 39 18 9 35 22 17 41 32 21 12 46 8 19 14 27 30 5 36 10 45 26 4 37 40 28 11 38 43 1 16 44 24 34 6
48
14 13 20 24 41 17 18 23 26 16 19 25 27 34 32 12 2 6 43 1 28 22 4 45 30 36 7 38 31 40 47 37 42 11 15 29 35 46 8 10 39 5 48 3 21 33 9 44
50
37 12 23 16 18 5 36 15 10 1 20 40 31 3 33 34 41 48 24 50 4 17 30 32 49 7 28 29 21 13 44 35 46 39 25 22 26 27 19 38 14 42 45 43 2 6 8 47 11 9
45
25 36 5 43 3 32 26 12 6 39 13 21 38 45 4 31 2 19 33 27 20 35 23 9 10 42 37 24 7 8 18 40 1 41 28 16 34 30 14 22 17 44 29 11 15
50
16 20 49 31 44 37 36 1 27 40 50 4 22 47 30 26 17 43 32 24 12 7 48 29 38 14 18 33 34 5 6 11 42 41 46 39 35 9 28 19 25 3 45 13 2 8 10 15 23 21
45
28 13 41 35 34 19 7 43 17 10 27 40 14 39 4 21 11 3 31 5 23 33 25 18 36 16 1 37 9 6 8 12 30 2 45 26 44 42 20 24 22 32 29 15 38
45
28 43 8 5 6 17 30 40 14 10 18 39 3 41 38 36 4 27 15 2 24 12 34 13 21 37 20 23 22 44 19 42 31 1 35 9 32 25 16 45 7 33 11 29 26
47
23 46 30 5 17 13 32 22 42 45 18 14 3 34 47 40 26 21 9 2 44 25 29 11 20 43 37 39 41 35 36 28 10 1 31 4 19 15 24 38 12 8 6 16 7 27 33
45
34 4 41 31 36 7 38 13 22 43 23 35 18 14 37 42 32 10 17 29 3 26 11 39 20 33 9 25 30 19 16 12 5 15 6 8 2 1 40 28 45 44 24 21 27
48
12 23 19 5 46 13 33 18 44 17 26 34 42 45 8 1 4 37 11 40 28 22 48 38 29 2 9 31 43 27 6 39 47 7 15 36 25 32 30 24 20 21 3 10 14 35 41 16
49
34 2 40 5 38 46 26 12 15 27 32 7 3 9 31 11 10 44 39 37 24 30 47 35 22 29 49 28 13 18 1 23 4 20 33 42 43 41 21 16 45 19 48 14 8 25 36 6 17
47
10 44 19 17 25 7 30 45 24 22 9 28 29 43 13 40 37 5 38 3 14 39 6 31 1 46 36 4 18 42 20 23 11 12 16 47 32 41 15 35 21 8 26 33 2 34 27
50
44 10 8 32 45 33 23 17 22 7 31 3 14 47 37 36 11 15 19 12 46 35 43 41 4 40 16 9 28 6 24 29 26 21 2 42 34 18 27 48 50 1 39 13 20 49 25 5 30 38
50
9 21 26 23 8 45 44 11 22 43 39 5 19 30 29 36 7 35 4 33 41 46 14 28 50 24 2 49 42 1 40 20 47 3 25 17 48 32 13 16 27 15 10 31 34 38 37 6 12 18
45
22 20 36 32 4 28 8 14 31 12 5 23 10 33 37 25 39 17 27 44 40 7 11 21 6 13 2 3 26 9 45 38 29 16 30 19 18 43 35 1 34 24 15 42 41
45
15 44 14 35 11 27 21 34 30 4 1 37 19 9 40 31 29 22 17 2 6 16 23 43 20 7 10 26 28 18 33 36 8 38 5 41 13 24 45 3 39 32 25 12 42
47
39 6 43 7 9 25 8 13 37 12 27 46 41 19 17 14 20 42 32 31 21 26 28 23 29 18 10 33 44 36 3 2 47 22 45 5 4 15 34 11 35 16 38 40 1 24 30
50
45 42 29 9 31 18 11 41 16 47 44 26 28 17 14 6 39 19 35 34 43 24 2 10 3 46 30 49 50 25 38 5 32 20 4 27 33 36 37 15 21 7 12 48 22 8 23 1 13 40
45
21 43 33 11 28 13 1 44 16 36 41 37 9 15 30 17 5 26 6 25 24 42 23 32 20 35 34 3 4 18 38 7 45 2 29 19 40 12 14 8 22 27 39 10 31
48
39 38 47 43 24 23 37 18 13 7 48 30 32 11 42 33 2 10 20 29 9 3 17 35 41 19 28 46 6 4 25 16 5 14 15 8 31 22 1 26 44 34 21 40 45 36 27 12
47
16 29 32 46 3 12 9 37 10 42 43 2 17 34 7 22 36 4 47 8 19 21 30 23 1 14 6 39 11 24 35 15 18 44 26 33 5 31 28 41 38 20 45 40 25 27 13
45
28 1 33 34 26 10 24 21 9 13 39 23 30 22 41 32 35 15 29 2 42 25 37 44 11 20 4 16 43 7 14 45 19 31 40 3 8 38 36 12 5 6 17 27 18
47
38 18 14 33 1 4 34 17 30 27 37 45 43 25 22 21 3 5 2 9 44 20 10 39 31 47 23 16 24 42 32 36 13 41 8 40 6 35 7 19 28 29 15 11 12 46 26
46
23 3 1 4 14 9 5 22 25 31 45 17 11 20 32 38 29 21 7 33 43 35 46 40 10 36 8 44 13 24 42 2 15 16 30 37 34 19 41 6 18 39 26 12 28 27
45
40 26 11 28 45 20 10 17 2 6 23 3 9 12 42 36 7 39 13 25 1 22 38 4 24 31 27 14 5 18 21 37 30 29 33 8 16 43 34 15 44 41 35 19 32
46
7 33 3 39 35 40 30 5 23 18 37 21 42 24 45 26 41 34 43 31 20 17 4 32 28 1 6 19 15 8 14 9 27 44 25 38 12 10 11 22 29 36 13 46 2 16
46
43 35 2 33 12 7 27 21 36 25 31 14 1 3 11 30 38 10 13 8 20 24 19 37 40 9 22 5 29 28 46 42 16 23 15 6 18 39 4 26 34 44 32 45 17 41
45
33 11 12 39 44 35 15 43 6 40 4 7 32 30 42 1 25 17 28 18 20 10 31 9 34 29 3 13 19 26 38 8 37 24 41 21 5 22 45 14 36 23 16 27 2
46
36 11 6 39 37 35 21 10 34 31 25 46 33 28 38 41 20 42 45 7 9 13 27 19 40 16 1 32 14 5 4 17 8 12 44 18 43 3 29 15 26 22 30 2 23 24
49
2 18 14 41 30 16 46 49 45 5 27 32 37 25 48 47 13 38 10 4 11 9 20 34 23 26 15 17 22 29 31 43 12 35 42 1 19 3 6 7 36 40 39 8 33 44 21 24 28
47
29 13 21 20 26 47 12 5 4 9 18 46 23 1 30 8 32 35 44 16 10 36 28 33 19 15 7 40 38 6 14 22 42 11 45 39 34 2 41 3 25 17 43 24 31 37 27
50
5 50 34 8 40 19 16 48 10 22 35 47 25 29 13 39 3 17 11 42 28 31 6 32 43 33 24 38 15 26 18 41 37 27 4 20 23 46 21 14 49 2 36 9 44 12 30 7 45 1
48
2 22 9 19 45 7 30 44 32 31 42 26 46 25 11 6 16 28 8 34 3 43 38 27 4 1 18 40 21 5 41 23 29 24 15 20 36 10 12 39 17 37 33 48 14 47 13 35
46
8 39 5 35 25 2 3 32 23 41 42 22 36 38 26 31 29 34 19 11 17 43 6 20 4 28 7 33 10 14 27 24 15 46 18 45 1 44 21 12 9 40 37 30 13 16
49
21 23 39 40 4 10 29 26 42 41 8 18 31 14 49 3 24 11 35 7 43 38 16 37 1 2 25 22 45 47 5 34 15 19 48 12 33 17 36 44 13 46 20 9 6 27 30 32 28
45
42 3 20 33 39 26 2 9 28 40 16 11 18 10 32 41 8 38 7 45 34 31 13 35 12 17 24 44 1 37 5 43 36 21 23 27 30 19 14 29 15 6 4 22 25
49
29 41 7 21 42 27 8 38 2 37 15 22 1 30 40 46 45 23 39 18 6 33 17 35 36 47 9 32 3 31 20 12 13 44 28 24 4 49 5 48 14 19 43 25 16 11 10 26 34
48
47 42 25 4 2 19 43 38 22 36 45 29 37 16 32 20 23 6 7 8 18 33 31 1 26 17 15 30 48 27 41 35 10 14 46 5 34 28 12 24 21 39 11 9 44 40 3 13
49
3 48 47 10 31 28 1 5 9 30 42 38 14 36 22 27 4 29 6 18 17 8 24 23 26 41 32 11 21 13 25 33 15 40 35 37 2 43 7 16 34 46 49 12 20 39 19 44 45
50
30 20 34 22 45 47 13 48 38 33 40 24 21 7 10 39 17 36 5 8 32 28 1 29 18 12 14 44 35 37 49 6 15 26 3 19 2 41 4 50 9 31 27 16 23 25 43 42 11 46
49
10 42 4 11 30 31 44 9 45 25 17 14 16 20 41 48 5 19 33 6 35 15 7 34 3 22 13 21 43 49 12 47 28 24 40 27 18 26 32 39 37 36 23 46 1 2 8 38 29
49
8 42 37 31 36 3 40 48 26 1 33 4 2 17 19 27 18 29 35 11 9 22 45 47 44 34 12 39 6 38 20 21 7 24 49 43 14 41 46 25 23 16 10 28 13 5 32 15 30
47
31 14 34 12 19 18 3 21 15 9 16 4 17 28 13 39 33 8 25 7 36 27 20 32 45 37 10 1 40 46 24 2 47 41 30 35 23 43 22 26 29 42 5 6 44 11 38
49
23 31 7 35 21 11 44 42 28 24 9 2 13 45 40 34 18 8 10 46 14 43 16 29 47 25 27 48 20 17 38 37 5 30 41 49 4 12 3 32 22 39 33 15 26 36 19 1 6
48
43 11 30 45 44 22 17 31 48 40 46 26 41 2 1 14 39 33 5 16 20 35 42 13 4 38 28 8 21 27 29 18 32 6 24 12 3 19 47 15 36 23 10 37 34 9 25 7
48
23 45 13 18 6 48 1 32 29 27 26 10 30 8 47 17 25 28 39 11 46 36 9 4 16 31 7 35 22 37 38 41 2 43 5 42 14 33 34 44 12 21 15 24 19 20 40 3
49
34 38 26 20 18 45 35 30 28 9 49 47 5 33 16 24 48 39 17 2 43 14 21 13 46 15 42 8 22 1 4 41 25 6 3 44 19 12 40 36 31 27 23 10 7 29 32 11 37
50
10 49 27 12 7 17 25 19 24 44 11 40 32 45 36 46 41 14 29 15 38 1 5 35 39 8 47 26 48 33 16 4 2 42 34 13 37 3 30 20 43 21 22 6 18 50 31 28 9 23
47
7 45 36 39 26 21 29 44 37 2 23 22 3 28 10 43 47 18 31 25 15 17 46 41 11 32 19 24 34 6 8 13 35 4 42 40 33 30 1 27 16 5 38 20 14 9 12
49
40 43 26 6 45 47 21 41 19 17 31 34 15 22 36 3 49 9 24 46 7 37 1 4 11 13 27 8 38 16 5 29 48 44 10 20 2 12 33 18 30 14 39 28 42 35 32 23 25
45
32 41 10 19 7 8 6 26 40 20 4 27 12 43 28 34 16 25 29 38 24 9 14 22 17 36 45 15 3 2 31 21 39 33 37 18 11 35 42 44 23 30 1 5 13
47
47 20 22 27 17 18 25 21 9 15 6 1 8 10 41 38 37 32 31 34 33 46 36 40 13 24 7 5 42 43 35 3 2 14 23 4 39 28 12 45 11 29 19 30 44 16 26
50
20 10 44 2 40 27 7 36 46 25 32 12 17 50 38 1 16 21 18 13 26 37 43 23 47 8 19 33 22 15 49 42 45 39 5 41 31 4 9 3 30 48 14 29 11 34 28 35 24 6
50
13 10 48 4 42 39 16 40 18 6 21 36 33 26 49 47 25 27 31 43 15 28 30 24 2 45 17 23 7 5 9 46 8 37 35 3 32 11 29 14 22 1 19 34 44 38 12 20 50 41
46
20 43 9 11 46 37 25 44 40 39 32 2 38 31 35 19 18 24 21 8 41 28 13 23 5 4 12 7 16 36 14 27 30 15 26 34 1 33 45 6 10 3 17 22 42 29
45
20 42 39 25 3 40 15 8 16 30 37 14 1 19 24 12 13 2 31 17 18 34 7 33 27 43 21 6 36 28 35 26 45 10 9 41 4 38 11 5 23 32 29 44 22
50
37 29 10 25 19 15 17 1 13 47 14 16 24 21 34 50 48 33 40 43 12 49 11 36 27 6 42 4 32 5 9 45 3 18 26 30 44 46 35 7 23 28 2 41 20 31 39 38 22 8
49
14 25 19 35 13 40 27 11 17 12 23 6 43 30 5 1 38 3 44 10 41 28 31 22 7 32 9 15 39 26 42 24 2 34 36 37 45 18 33 46 29 49 16 8 4 21 48 20 47
47
41 45 11 12 24 40 21 22 33 3 38 5 37 6 44 43 26 39 14 36 42 9 13 31 35 19 2 4 17 23 34 27 25 1 46 28 8 32 15 47 18 29 20 7 10 16 30
45
26 6 2 11 29 4 38 5 34 32 9 31 19 43 28 13 14 36 30 17 21 41 44 12 10 16 25 7 27 45 22 18 23 1 8 33 42 40 15 37 3 24 20 35 39
46
1 44 40 31 37 28 10 21 6 19 17 16 34 29 23 5 43 7 14 42 15 8 27 9 46 38 20 18 26 39 32 2 41 4 12 30 3 11 33 22 35 45 24 36 13 25
50
23 21 24 29 48 35 7 47 37 1 16 15 31 17 2 13 27 18 3 36 32 11 33 9 50 43 26 8 28 25 44 20 46 34 19 45 5 38 30 22 10 6 49 14 12 39 40 4 41 42
49
32 4 48 17 24 30 16 19 8 5 1 3 33 12 21 29 34 23 26 31 42 13 37 49 25 47 27 44 7 2 36 14 46 22 35 28 43 40 20 15 18 9 38 45 41 6 11 10 39
46
35 7 15 22 6 28 1 11 32 38 17 12 18 10 9 45 30 5 44 20 13 8 16 31 4 2 29 14 23 43 37 42 27 24 25 34 39 40 19 21 36 26 46 3 41 33
45
44 25 30 45 1 4 36 14 23 6 34 43 10 32 19 37 11 38 9 24 12 13 22 17 8 40 33 39 31 28 26 41 20 42 35 16 7 15 2 3 27 21 18 5 29
45
20 3 1 34 36 18 11 40 29 14 16 2 5 38 6 22 42 28 30 31 45 4 13 17 15 27 33 35 12 7 41 19 21 25 23 44 39 32 9 8 24 26 43 37 10
50
4 11 36 23 6 19 41 9 35 46 37 8 12 34 31 39 43 48 40 18 32 13 20 21 50 22 27 30 49 25 17 45 14 28 26 29 10 38 2 7 1 24 42 15 47 3 44 16 5 33
49
11 5 14 40 25 48 8 1 47 22 7 13 26 3 35 18 4 30 41 23 49 44 45 27 37 39 28 20 32 24 12 21 36 33 31 29 38 16 43 15 46 9 17 6 42 34 10 2 19
48
25 21 47 29 26 20 11 35 9 24 41 5 2 3 40 4 46 6 42 36 7 22 43 1 31 28 30 16 48 33 17 8 13 10 19 37 23 44 27 18 45 15 38 39 12 32 14 34
49
17 29 41 31 20 47 16 12 32 44 13 34 40 46 36 26 35 30 43 11 4 15 9 42 28 24 27 37 14 48 2 38 6 33 21 8 19 3 7 25 10 18 1 5 23 49 45 39 22
46
29 13 6 22 39 34 31 42 1 35 16 7 8 41 30 38 10 26 11 28 14 32 5 36 18 33 25 17 24 45 23 4 12 9 37 27 40 3 21 15 20 19 46 43 2 44
46
10 13 14 41 35 31 20 23 12 11 7 24 16 36 5 32 30 3 40 22 18 4 6 2 42 21 25 43 39 17 46 29 34 15 9 33 45 26 38 8 27 44 19 37 28 1
45
16 12 17 19 29 8 6 4 39 7 44 5 28 31 23 45 3 10 18 13 27 14 33 9 25 11 30 43 21 24 35 41 20 22 37 42 1 36 2 32 38 34 26 40 15
49
41 7 43 21 30 48 15 4 1 47 31 35 39 19 40 9 33 6 34 14 20 17 25 42 27 28 49 37 12 2 36 5 46 13 26 8 45 10 44 18 11 29 16 24 23 38 32 3 22
49
41 29 18 42 5 32 47 45 36 10 1 9 30 35 37 34 46 8 6 33 17 25 16 13 31 11 7 26 2 40 44 39 27 21 20 48 3 22 15 24 12 43 23 49 14 4 28 19 38
46
4 40 20 3 13 24 46 2 45 22 21 23 6 32 28 42 10 44 37 14 30 43 18 39 11 31 15 33 16 35 9 5 1 41 36 8 25 17 29 7 19 26 38 12 27 34
49
1 25 13 8 38 14 15 41 6 7 49 28 40 32 44 4 24 30 46 17 23 36 39 19 31 21 22 27 12 9 34 26 43 35 3 10 37 48 45 2 47 18 5 29 20 42 33 11 16
45
29 25 39 42 26 15 38 3 43 45 12 44 17 23 20 41 18 10 30 11 9 2 21 36 34 24 14 28 33 19 40 27 37 5 32 22 13 1 31 6 35 8 7 16 4
49
13 4 18 10 42 16 28 9 41 36 12 20 3 26 34 11 39 45 27 48 21 5 29 22 49 35 15 8 30 1 23 7 46 43 47 25 19 24 32 37 31 17 14 6 2 44 40 38 33
45
8 29 1 38 35 10 40 4 6 41 42 12 28 2 5 25 18 23 22 14 21 3 13 16 34 24 43 30 19 37 33 45 15 9 7 17 36 27 31 11 32 26 39 44 20
48
8 18 2 27 3 14 19 5 28 6 16 36 11 45 9 47 7 25 29 12 4 10 34 23 1 20 21 32 26 30 44 46 48 43 39 35 37 40 42 31 33 17 38 24 13 15 41 22
46
43 34 26 8 15 27 4 13 38 33 42 30 20 10 28 11 35 1 22 36 2 6 46 21 14 23 45 16 12 40 31 19 41 18 3 37 29 39 44 24 5 9 17 25 32 7
46
17 27 22 8 9 10 43 30 45 19 25 42 14 21 4 26 28 32 7 44 46 2 5 36 13 3 39 37 18 20 23 41 34 12 38 40 15 16 33 35 29 6 11 31 24 1
47
39 15 16 8 35 28 2 44 41 4 22 31 33 1 43 10 25 17 9 13 30 40 37 46 14 24 45 36 42 20 5 18 29 26 6 21 11 23 47 7 34 38 32 27 19 12 3
47
46 10 26 16 21 2 23 45 28 19 11 29 32 27 41 7 14 35 17 30 12 34 25 6 22 39 15 40 18 42 9 8 44 24 38 31 47 5 1 37 33 4 43 13 36 20 3
48
35 8 41 42 23 10 45 30 17 3 9 12 31 16 34 5 38 20 29 47 39 25 36 19 40 37 26 4 48 11 44 13 24 7 33 6 32 14 15 22 28 46 43 1 18 21 27 2
47
5 25 8 33 32 26 46 37 27 30 18 15 13 20 4 41 34 3 14 12 39 36 1 10 40 19 11 29 17 7 2 9 28 23 43 45 44 24 38 21 22 47 42 6 35 16 31
47
39 30 42 13 22 43 7 12 11 20 35 25 26 41 36 44 38 27 34 14 24 1 23 4 31 5 8 28 32 47 33 40 18 10 2 19 17 29 15 9 37 3 46 6 16 45 21
45
39 31 41 14 37 13 1 30 42 17 38 27 10 19 36 12 2 8 26 11 40 32 22 18 4 24 15 35 29 25 5 7 44 6 20 45 21 43 3 16 28 23 34 9 33
49
23 20 9 48 39 14 37 4 25 28 49 43 30 10 41 17 22 29 3 35 11 5 33 47 31 13 42 19 1 32 36 12 8 27 6 26 38 46 45 18 16 34 7 24 40 15 21 2 44
49
48 26 47 30 1 12 40 5 42 20 36 46 18 22 28 3 29 23 4 16 45 33 38 10 49 43 11 44 6 8 25 9 39 7 24 35 19 27 37 15 34 17 31 13 32 2 14 21 41
46
13 12 15 38 20 21 28 10 3 37 6 14 42 45 46 40 35 19 36 9 41 39 22 16 34 44 29 7 1 8 24 25 27 4 18 30 23 5 2 17 31 32 11 33 43 26
45
45 25 44 4 32 6 33 38 42 12 36 24 37 31 26 13 35 9 1 5 43 14 7 16 28 40 29 41 34 20 11 23 8 22 3 2 39 17 19 15 30 10 18 27 21
45
34 43 31 15 9 39 35 2 37 45 40 6 30 20 24 16 26 4 36 11 41 17 12 7 28 13 44 23 27 25 42 3 18 5 33 22 38 1 29 8 19 32 14 10 21
47
33 7 36 19 4 30 15 25 3 10 2 20 17 37 35 11 16 42 24 46 29 39 8 43 6 32 40 41 23 27 9 12 45 26 5 44 22 21 31 34 1 13 28 18 47 14 38
