5
20 50 4 11 20 16
4 19 864158
20 17 876669
19 5 262823
17 13 874043
5 9 225589
13 7 394908
9 8 23454
2 12 57209
14 15 385037
12 1 641865
15 3 680552
1 18 333681
3 16 227034
18 11 436517
16 6 515977
7 10 472322
8 10 847878
10 2 901644
10 14 782017
8 2 216304
8 2 96525
10 3 283008
19 15 898617
20 16 156505
17 1 504834
7 3 306562
4 1 93871
2 12 932765
5 9 55305
17 9 302928
14 18 403152
16 6 357823
10 3 464474
5 6 459797
16 6 889225
17 15 389862
17 5 591249
2 3 579220
9 11 330679
2 6 429012
14 18 297672
19 2 704543
19 13 302669
10 6 182149
10 2 326117
13 18 986665
19 13 298203
4 9 932857
17 16 542441
14 3 774744
20 50 8 15 20 2
8 9 511252
20 10 326715
9 12 777899
10 6 933436
12 7 347134
6 5 207828
7 18 827694
4 13 611527
11 19 834706
13 3 307254
19 1 590561
3 14 774078
1 2 762397
14 15 907878
2 16 740255
5 17 286271
18 17 412148
17 4 691747
17 11 256587
17 19 814055
9 5 986329
10 5 753710
10 17 385466
18 15 126808
20 15 301442
12 14 226808
11 15 702525
2 15 401340
8 3 898976
4 14 494031
7 13 98067
20 17 200
11 13 80781
12 15 965423
18 16 181068
7 13 216184
11 2 319642
9 10 15590
8 13 987132
18 17 276233
19 15 890251
8 19 452484
8 11 947800
10 15 896755
10 15 827393
20 12 744658
20 9 605670
1 14 888691
17 19 929568
5 15 636543
20 50 11 7 9 1
11 19 904515
9 18 552762
19 17 342081
18 8 103882
17 13 541263
8 5 142153
13 3 772357
16 12 264123
6 4 661800
12 10 570490
4 14 758951
10 2 654383
14 1 37087
2 7 525828
1 20 314836
5 15 381072
3 15 757285
15 16 975053
15 6 88953
1 20 627757
13 5 483773
17 4 234055
15 10 623046
13 15 335242
6 2 153629
5 12 566967
12 4 643634
17 1 964106
18 2 987070
8 5 211368
18 17 348714
5 12 117974
3 7 786096
19 3 797223
9 13 268631
16 7 414700
3 20 119627
9 1 832350
13 1 458089
16 14 652392
5 3 636499
2 7 151781
11 17 29580
15 2 69526
18 1 694095
17 20 79893
6 1 989093
4 14 443638
13 16 593114
12 10 272027
20 50 2 15 4 3
2 1 539344
4 9 83220
1 14 267715
9 13 656605
14 7 255358
13 20 255802
7 5 579925
16 18 609385
12 6 559684
18 11 487357
6 17 456774
11 10 593493
17 3 193090
10 15 536366
3 19 757053
20 8 400549
5 8 798961
8 16 992315
8 12 966140
3 15 569753
1 14 387112
2 7 546729
4 9 311179
16 11 666961
2 5 885939
18 19 913257
18 10 569311
2 1 173611
16 15 865922
12 18 979863
7 5 557072
16 6 947236
7 20 700846
1 9 551393
18 3 121306
1 13 655278
6 10 399732
20 5 688312
9 20 806821
18 11 522967
18 3 670220
13 20 859135
16 10 245518
2 20 7251
9 13 624733
11 17 80968
2 9 933388
1 7 298065
6 17 528921
18 10 960379
20 50 10 16 2 4
10 6 752105
2 9 475904
6 5 497824
9 20 460297
5 3 399676
20 14 549247
3 8 500548
1 15 321146
7 12 267594
15 17 297375
12 11 554532
17 18 619595
11 4 732198
18 16 661713
4 13 926258
14 19 222153
8 19 30895
19 1 796760
19 7 78111
12 17 61015
1 4 389237
1 12 223020
15 18 630475
15 11 781120
2 8 875628
2 9 181151
10 8 530998
9 3 97933
20 14 188724
15 18 436713
14 8 875739
2 5 227745
1 4 425715
9 3 847450
1 7 877679
10 8 529346
10 14 717634
20 3 87663
7 11 236548
6 3 146866
1 12 218798
3 14 298223
6 3 514537
15 18 105896
10 14 250690
10 20 96980
9 5 52864
1 4 343198
15 13 470807
5 20 288723
